CoNi_SCAN = [
  0.993203117761125, 0;
  1.39573746896037, 0;
  1.79827185361957, 0;
  2.20080623866615, 0;
  2.60334063681164, 0;
  3.00587501476377, 0;
  3.40840935002434, 0;
  3.8109435939585, 0;
  4.21347765091309, 0;
  4.61601178780884, 0;
  5.01854670562695, 0;
  5.42108312951902, 0;
  5.82362164333785, 0;
  6.22616252822103, 0;
  6.62870502675529, 1.72659728034809e-05;
  7.03124809647434, 5.18719678837203e-05;
  7.43379121088715, 6.74096407350111e-05;
  7.83633421461253, 6.48716878155935e-05;
  8.23887712336927, 4.64889723977032e-05;
  8.64141998855309, 5.6661287468244e-05;
  9.04396284337092, 4.30714312418353e-05;
  9.44650570125893, 4.4870345061868e-05;
  9.84904856406828, 5.04200857750451e-05;
  10.2515914296933, 3.60814603542166e-05;
  10.6541342964719, 4.91751006943283e-05;
  11.0566771631833, 3.93841866118538e-05;
  11.4592200297298, 3.76287256699575e-05;
  11.8617628961576, 4.5934780525806e-05;
  12.2643057623746, 3.02624697202588e-05;
  12.6668486287253, 4.1865003599267e-05;
  13.0693914949812, 3.52245557117445e-05;
  13.4719343612537, 2.99509490818817e-05;
  13.8744772276203, 4.07537497192518e-05;
  14.2770200938414, 2.4898763172245e-05;
  14.6795629602021, 3.42906004478432e-05;
  15.0821058264929, 3.11125549567775e-05;
  15.4846486927535, 2.25295091159914e-05;
  15.8871915591308, 3.50813698825982e-05;
  16.2897344253552, 1.99773384278672e-05;
  16.6922772916994, 2.65340057418138e-05;
  17.0948201580095, 2.69232624398505e-05;
  17.497363024254, 1.54397665302396e-05;
  17.8999058906361, 2.88437759541902e-05;
  18.3024487568697, 1.5401984717072e-05;
  18.7049916231954, 1.86909891095845e-05;
  19.1075344895236, 2.25624060210289e-05;
  19.5100773557535, 8.77688053167544e-06;
  19.9126202221341, 2.21010493022253e-05;
  20.3151630883854, 1.10772785967594e-05;
  20.7177059547098, 1.08558541349644e-05;
  21.120248821093, 1.79339072222812e-05;
  21.522791687356, 2.63405390263972e-06;
  21.9253345537088, 1.49470124947605e-05;
  22.3278774197364, 6.91001201888788e-06;
  22.73042028539, 3.13300729858676e-06;
  23.1329631507767, 1.29636164700402e-05;
  23.5355060165405, 0;
  23.9380488854492, 7.46923474533464e-06;
  24.3405917615613, 2.67765393665358e-06;
  24.7431346475983, 0;
  25.1456775345527, 6.96150605183873e-06;
  25.5482203852011, 0;
  25.9507631185633, 1.04442716415976e-06;
  26.3533056358985, 3.77316904320914e-06;
  26.7558479768666, 0;
  27.1583906408674, 1.32924433554755e-05;
  27.5609349882456, 0;
  27.9634833130781, 0;
  28.3660369406462, 0;
  28.7685905482413, 0;
  29.1711232625279, 0;
  29.5735910637372, 0.0007192831431635;
  29.9759472397178, 0.003175208587343;
  30.3780770281064, 0.008375013363141;
  30.7801741040677, 0.013436746573569;
  31.1825190992664, 0.015637818623682;
  31.5850034130194, 0.016200058609203;
  31.9875183179364, 0.016128478440121;
  32.3900159405239, 0.015871835322801;
  32.7925080362716, 0.015264917019677;
  33.1950099582589, 0.014548575369077;
  33.5975232779161, 0.013913662847126;
  34.0000354467463, 0.013224643172044;
  34.402548259395, 0.012636509632261;
  34.8050688181709, 0.012294003964637;
  35.2075894849508, 0.01206753410295;
  35.6100983881422, 0.01180418284617;
  36.0125937344113, 0.01144170405578;
  36.4150862635193, 0.011180146900673;
  36.817591122965, 0.010964882373475;
  37.2201111501605, 0.010693137135937;
  37.6226346270706, 0.010487211093479;
  38.02515456496, 0.010330157352313;
  38.4276716250327, 0.01006892198693;
  38.8301859288183, 0.009753278924002;
  39.2326963999531, 0.009506262777397;
  39.6351965344265, 0.009278736871044;
  40.0376869469448, 0.009042297592951;
  40.4401781555893, 0.008772992187199;
  40.8426812324779, 0.008562699568815;
  41.2452001324842, 0.008314862970098;
  41.6477217521132, 0.007868874121196;
  42.050239470871, 0.007520200620936;
  42.4527543050196, 0.007493319054262;
  42.8552662727029, 0.007317449214214;
  43.2577812354151, 0.006910030332467;
  43.6603053685368, 0.006641220748109;
  44.0628347685573, 0.006555563751069;
  44.465363990852, 0.006404391577733;
  44.867894491183, 0.006177124820976;
  45.2704304071021, 0.005897700652648;
  45.672970892394, 0.005649833885812;
  46.0755123415352, 0.005493238576111;
  46.4780517908449, 0.0053313538394;
  46.8805883790419, 0.005145257277512;
  47.2831203512548, 0.004987725979435;
  47.6856426380334, 0.00480707051368;
  48.0881541544355, 0.004556662641492;
  48.4906606796105, 0.004338195804447;
  48.893167497232, 0.004179333433765;
  49.2956797313143, 0.003989962155059;
  49.6982025197157, 0.003826249861366;
  50.10073272033, 0.003668526401744;
  50.5032645160012, 0.00352957688033;
  50.9057945879826, 0.003451253537397;
  51.3083209660107, 0.003336910120505;
  51.710845624459, 0.00323609358657;
  52.1133718232638, 0.003039243175714;
  52.5158979812164, 0.00288757456166;
  52.9184235844403, 0.002837312067013;
  53.3209498851248, 0.002790711481891;
  53.7234784506787, 0.002666617302954;
  54.1260115523653, 0.002546045928336;
  54.5285478613971, 0.002388041459261;
  54.9310839139906, 0.002249243725364;
  55.3336186870308, 0.00224914235652;
  55.7361523620522, 0.002246639907797;
  56.1386855406833, 0.002241133102092;
  56.5412197251234, 0.002181929519908;
  56.943754638193, 0.002049818720741;
  57.3462891570661, 0.001920109958835;
  57.74882361241, 0.001897255852863;
  58.1513589729337, 0.001895194912973;
  58.5538962366946, 0.001849862429347;
  58.9564351063394, 0.001840662475146;
  59.3589725421683, 0.001767078776615;
  59.7615077684001, 0.001674461722702;
  60.1640403857466, 0.001618493285414;
  60.5665659167634, 0.00151854782863;
  60.9690805856227, 0.001445627851923;
  61.3715911901362, 0.001357585218038;
  61.7741064589534, 0.001199642877141;
  62.1766291158099, 0.001105012258194;
  62.5791569160251, 0.001198847078246;
  62.9816889294783, 0.001238244469921;
  63.3842231250351, 0.001274938446754;
  63.7867576400438, 0.001290716342901;
  64.1892918533997, 0.001264647299047;
  64.5918263305366, 0.001279895062643;
  64.994362199126, 0.001222943241686;
  65.3969010339027, 0.001163200342395;
  65.7994426213231, 0.001132763644869;
  66.2019849256591, 0.001089025326102;
  66.6045257764797, 0.001054298024649;
  67.0070636740894, 0.000971554180990796;
  67.4095999070813, 0.000921504007951336;
  67.8121372974942, 0.000940000802743143;
  68.2146775294767, 0.000996101940213858;
  68.6172186449345, 0.001110758101103;
  69.0197570454474, 0.001131146496528;
  69.4222915189184, 0.001042936192957;
  69.8248249026, 0.001002014692128;
  70.2273584167197, 0.000945178509038988;
  70.6298924011733, 0.000954469161795248;
  71.0324268692461, 0.000932854180462443;
  71.4349617622278, 0.000856419582653049;
  71.8374965758525, 0.00081049931744182;
  72.240029648079, 0.000761521973188565;
  72.6425593160713, 0.000667580357992789;
  73.0450854068193, 0.000556215906065308;
  73.4476085860493, 0.000497778131936539;
  73.8501301810042, 0.000524743967584917;
  74.2526518541195, 0.000588768373066929;
  74.6551750639563, 0.000632921401916988;
  75.0577003295062, 0.000624968425673224;
  75.4602271067095, 0.000556713828086171;
  75.862755156376, 0.000461936676710092;
  76.2652845433762, 0.000484279166559982;
  76.6678126163765, 0.000468019853739687;
  77.0703385571555, 0.000413014379555596;
  77.4728654074735, 0.000462624299558917;
  77.8753975111175, 0.000478620514523716;
  78.2779364838103, 0.00055771889965171;
  78.680479041681, 0.000551159773172744;
  79.0830213021252, 0.000516248878439562;
  79.4855598493931, 0.000551048939922918;
  79.8880926517587, 0.000589102457158386;
  80.2906229177702, 0.00057530749259525;
  80.6931548140435, 0.000491382607060319;
  81.0956880792583, 0.000376695094805787;
  81.4982178410653, 0.000316907331694346;
  81.9007426928818, 0.000332546755643107;
  82.3032629312581, 0.000396856324615734;
  82.7057812262566, 0.000431469248012867;
  83.1083019039601, 0.00037553333760827;
  83.5108259924172, 0.000311774514561224;
  83.9133521243762, 0.00028221542412791;
  84.3158775207964, 0.000296244171872841;
