fig5_8 = [
    10.000000000000057, 0.5103232544643568
15.000000000000057, 0.5139778712587648
20, 0.5182325435713824
25.000000000000057, 0.5168713424609688
30, 0.5041354231229614
35, 0.505791682854632
40.00000000000006, 0.5192370673486901
45.00000000000006, 0.5239100390671384
50, 0.5246762069695698
55.00000000000006, 0.5288901586737008
60.00000000000006, 0.5337645474186646
65, 0.5361899205515903
70.00000000000006, 0.5388826763345884
75, 0.5425798018419151
80, 0.5428143614298687
85.00000000000011, 0.543234892329161
90, 0.5436356964851671
95.00000000000006, 0.5436605688754694
100, 0.5452984642229511
105.00000000000006, 0.5478713008606717
110.00000000000011, 0.5477228869999634
115.00000000000006, 0.5454346800232506
120.00000000000006, 0.5455205850765176
125.00000000000006, 0.5447557794906639
130.00000000000006, 0.5438128474733656
135, 0.5438798756812488
140.0000000000001, 0.5435874175718234
145.00000000000006, 0.5445915683752689
150.0000000000001, 0.5449933300085026
155.00000000000006, 0.5400051163182343
160.00000000000006, 0.53706775181109
165.00000000000006, 0.5370959337891812
170.00000000000006, 0.537044030238636
175.0000000000001, 0.5376581763356371
180.0000000000001, 0.5386250507868425
185.0000000000001, 0.5371964503438499
190, 0.5359338292929462
195.0000000000001, 0.5361081103858846
200, 0.5352456659200587
205, 0.5341007542560843
210.0000000000001, 0.5344440149669788
215, 0.5344892746698694
220.0000000000001, 0.5337461222963396
225.0000000000001, 0.5336794467701473
230, 0.5335909548818376
235, 0.5325000024588243
240.0000000000001, 0.5313942703070897
245, 0.5313007208422601
250, 0.5311493884078498
255, 0.5292803053849361
260.0000000000001, 0.5264157950735013
265, 0.5263637988577081
270.0000000000001, 0.5274065742427653
275.0000000000001, 0.5271917826272339
280, 0.5264804169139575
285.0000000000001, 0.5262852646387672
290.0000000000001, 0.526335684127133
295.0000000000001, 0.5268267065418073
300, 0.5239315711557195
305.0000000000001, 0.5224796199889822
310, 0.5226890132827796
315.0000000000001, 0.5226336480997659
320.0000000000001, 0.5225990589944709
325, 0.5212491454565921
330, 0.5180726598845575
335.0000000000001, 0.5184562655737697
340, 0.5175715746710143
345.0000000000001, 0.5150651143834472
350.0000000000001, 0.5130628666233488
355.0000000000001, 0.5119227716990955
360.0000000000001, 0.5122151325887195
365, 0.5134523454564611
370, 0.5132405504837434
375.0000000000001, 0.5154964525221787
380.0000000000001, 0.5142573991699122
385.0000000000001, 0.5130381513855095
390.0000000000001, 0.5133105268629445
395.0000000000001, 0.5105505828454402
400, 0.5107415782589934
405, 0.5095787174363802
410.0000000000001, 0.5092268809311273
415.0000000000001, 0.5095634376711154
420.0000000000001, 0.5088171428973116
425, 0.5093467153570569
430, 0.5111801072345137
435.0000000000002, 0.5107648010601628
440.0000000000001, 0.5141112050735411
445.0000000000001, 0.5157298872660301
450.0000000000001, 0.5170504263512836
455, 0.5164055928257605
460, 0.5171975338664494
465.0000000000001, 0.5206779278131631
470.0000000000002, 0.5202916950932377
475.0000000000002, 0.5203821525294946
480, 0.5188094630533993
485.0000000000001, 0.5188127621235586
490.0000000000001, 0.5183246074620379
495.0000000000001, 0.5174862723193001
500.0000000000001, 0.5180732411858471
505.0000000000001, 0.5191294501984802
510.0000000000002, 0.5213994737201137
515, 0.5232671563351413
520.0000000000001, 0.5284289501697289
525.0000000000002, 0.5302619476969618
530.0000000000001, 0.5283822696376473
535, 0.5290384542445423
540.0000000000001, 0.530896834841542
545.0000000000001, 0.5301987639660521
550.0000000000001, 0.5340836521929523
555.0000000000001, 0.5352896590072761
560.0000000000001, 0.5364075919312543
565.0000000000001, 0.5379879254079687
569.9999999999999, 0.5379197656989118
575.0000000000002, 0.5373387082930624
580.0000000000001, 0.537410473043523
585.0000000000001, 0.5379552536084219
590.0000000000001, 0.5391589639908211
595, 0.5397692761773649
600.0000000000001, 0.540081034100759
605.0000000000002, 0.540855192274859
610.0000000000001, 0.5441737530125237
615, 0.5497663089238153
620.0000000000001, 0.5510144730245318
625.0000000000001, 0.5525114953986371
630.0000000000001, 0.5542359265821671
635.0000000000001, 0.5530455092814102
640.0000000000001, 0.5590504444385773
645, 0.5699791774044833
650.0000000000001, 0.5713149732698571
655, 0.5722748672814477
660.0000000000001, 0.5727164834866878
665.0000000000001, 0.5823325893595437
670.0000000000002, 0.5912819653749886
674.9999999999999, 0.5941975516077148
679.9999999999999, 0.5980534689219552
685, 0.6020598235446051
690.0000000000002, 0.6030823459989845
695, 0.6171790840859719
700.0000000000002, 0.622855463470545
705.0000000000002, 0.6273960821148075
710, 0.6359403280222821
715.0000000000002, 0.6444029229821049
720.0000000000002, 0.652101120160707
725, 0.6581247779919492
730, 0.6613225004581569
735, 0.6640337729301176
740, 0.6657710019534049
745.0000000000002, 0.674542317853358
750, 0.6889364201983644
755.0000000000002, 0.7001787502717811
760.0000000000002, 0.7050665745434443
765, 0.7025530115640277
770, 0.7081982687932193
775, 0.7189352533485214
780, 0.7281087306295657
785, 0.7324369385687732
790, 0.7350143078955353
795.0000000000002, 0.7411810894482822
800.0000000000002, 0.7477373050646847
805.0000000000002, 0.7506317313934228
810, 0.7578359372277599
815, 0.7623350523991905
820, 0.7664348308156326
825, 0.7734888690675625
830, 0.777904084189114
835.0000000000002, 0.7804571444154138
840, 0.7826222784225938
845, 0.7834457745912463
850, 0.7894262848338245
855.0000000000002, 0.7941661909942822
860.0000000000002, 0.7986528136226005
865.0000000000002, 0.8055718294912237
870, 0.8071123306201904
875, 0.8141726260312496
880.0000000000002, 0.8186275165065291
885.0000000000002, 0.8225719347192428
890, 0.8298076729661135
895.0000000000002, 0.8333095518325986
900, 0.8360259519989549
905, 0.8479876174328314
910.0000000000002, 0.8546691084131356
915, 0.8569021267904562
920.0000000000002, 0.8581361824170157
925.0000000000002, 0.8645542815156507
930, 0.8740581072529936
935.0000000000002, 0.8781332773980679
940.0000000000002, 0.8787153467277672
945.0000000000002, 0.8842526770281881
950, 0.8856169788187415
955, 0.8978642551608584
960, 0.9024236727652972
965.0000000000002, 0.9031228200959828
970.0000000000002, 0.9082082865964526
975.0000000000002, 0.9116263657244745
980.0000000000002, 0.9181103302564173
985, 0.9193582693502613
990, 0.9222872052709541
995, 0.926283159413096
1000.0000000000002, 0.9304209761809095
1005, 0.9340173172605071
1010, 0.9383117568710962
1015, 0.9447368690797777
1020, 0.946635136849394
1025.0000000000002, 0.9507937731102989
1030.0000000000002, 0.9503379048158088
1035, 0.9500184148040244
1040.0000000000002, 0.9536037718578564
1045, 0.9561630612194053
1050.0000000000002, 0.9557307554592502
1055.0000000000002, 0.9556350090800007
1060.0000000000002, 0.9576059170589549
1065.0000000000002, 0.941842568461667
1070, 0.9326534876728536
1075.0000000000002, 0.9324279198344058
1080.0000000000002, 0.9278855250087733
1085, 0.927456738225049
1090, 0.9261756981612661
1095.0000000000002, 0.9071402031974973
1100, 0.9039319971861255
1105.0000000000002, 0.8988877109080966
1110.0000000000002, 0.8893865425648305
1115.0000000000002, 0.8778141364709577
1120.0000000000002, 0.8627962679914314
1125, 0.8625654664426962
1130.0000000000002, 0.8583114284435471
1135.0000000000002, 0.8399301368266443
1140.0000000000002, 0.8410995622750479
1145.0000000000002, 0.8206879194636787
1150.0000000000005, 0.788626339078669
1155.0000000000002, 0.7851856163032443
1160.0000000000002, 0.7747025763634792
1165, 0.7647717174539223
1170.0000000000002, 0.7620555483728846
1175, 0.7445206633505022
1180.0000000000002, 0.7158102204235577
1185.0000000000002, 0.696896253383446
1190.0000000000002, 0.693485932167542
1194.9999999999998, 0.6901591676082914
1199.9999999999998, 0.6758411770117745
1205.0000000000002, 0.6695669493133476
1210.0000000000005, 0.6562745791384088
1215.0000000000002, 0.6379647101868455
