%NOT coxlambertscan, messed up the axes on webplotdigitizer. 5/21
%Including everything here, hopefully it shows the importance of doing this
%at lower coverages 

new_fig5_0p4 = [

301.3299929858849, 0.04267009613102024
301.2669965528659, 0.038543829768272975
301.2040001198469, 0.03441756340552571
298.82273495172706, 0.03029654674552984
298.7754876269628, 0.02720184697346939
306.02952688910557, 0.04678586308826427
311.3758241713216, 0.04264734741909648
308.2218027581682, 0.038528080660018116
308.15880632514916, 0.03440181429727085
317.65236878111887, 0.048822747755880025
317.6051214563546, 0.045728047983819575
324.71741874420456, 0.05602796478243288
322.3361535760847, 0.051906948122437235
334.05349011762667, 0.06013323233417389
343.31081594977496, 0.05908066693248071
350.23412393856773, 0.05700178464285233
357.125933710851, 0.0528597691718502
366.3911340971267, 0.05232298706550065
375.6405853751476, 0.050754638368463834
384.9136603155507, 0.05073363955745758
394.1552370394443, 0.048649507565077466
403.4755593046116, 0.05172320852613166
412.7801324615242, 0.053765342896499035
422.05320740192724, 0.05374434408549256
431.35778055883986, 0.055786478455859934
440.6308554992429, 0.05576547964485368
449.87243222313646, 0.053681347652473566
459.11400894703, 0.051597215660093676
468.38708388743316, 0.0515762168490872
477.636535165454, 0.05000786815205083
486.89386099760236, 0.04895530275035753
493.8407926487773, 0.048423770346759376
500.84284617884384, 0.05150272101056497
510.1237956733743, 0.05199750549490223
519.3574978431404, 0.0493975902071786
528.6148236752888, 0.048345024805485526
535.5538807723364, 0.04729770910654385
547.1137262313306, 0.04520832741141234
556.3553029552243, 0.04312419541903245
565.6283778956273, 0.04310319660802597
574.956574714922, 0.046692680864423686
584.2217751011977, 0.04615589875807391
593.4476027168365, 0.04304020017500698
602.7206776572395, 0.043019201364000725
611.9622543811331, 0.040935069371620614
625.8403685752282, 0.038840437973737485
635.0819452991218, 0.036756305981357595
644.3865184560343, 0.03879844035172475
658.3355036372758, 0.04134585861193241
667.6400767941884, 0.04338799298229978
676.9131517345916, 0.043366994171293305
686.194101229122, 0.043861778655630346
695.530172602544, 0.047967046207371355
704.8347457594567, 0.05000918057773851
714.1235698081144, 0.05101974835741907
723.3966447485175, 0.05099874954641259
732.7012179054302, 0.05304088391677997
741.9742928458332, 0.05301988510577371
751.2788660027458, 0.05506201947614109
760.5440663890215, 0.05452523736979131
769.7856431129151, 0.0524411053774112
779.0350943909359, 0.05087275668037461
788.3002947772118, 0.05033597457402483
797.5654951634874, 0.04979919246767506
806.8070718873809, 0.04771506047529517
816.0722722736566, 0.04717827836894539
825.3374726599324, 0.046641496262595616
834.5633002755711, 0.04352579767952869
843.8206261077195, 0.042473232277835615
853.188195697651, 0.04864163301095026
860.1902492277176, 0.05172058367475585
867.1923027577842, 0.05479953433856166
876.4338794816778, 0.05271540234618155
885.6754562055713, 0.05063127035380166
894.9012838212101, 0.04751557177073473
904.1586096533584, 0.04646300636904166
913.3844372689973, 0.04334730778597473
922.6338885470182, 0.04177895908893836
931.8518416085295, 0.038147477210528136
941.0934183324232, 0.036063345218148024
950.3664932728262, 0.03604234640714177
959.6395682132293, 0.03602134759613529
968.9441413701419, 0.038063481966502666
978.2408399729271, 0.039589833041526745
987.553287683967, 0.0421477507072372
996.8578608408797, 0.044189885077604574
1006.1624339977923, 0.04623201944797173
1015.4827562629596, 0.04930572040902592
1024.8188276363817, 0.05341098796076693
1034.1548990098038, 0.05751625551250783
1048.1432569616823, 0.06264259024943242
1057.4163319020854, 0.06262159143842605
1066.7287796131252, 0.06517950910413683
1073.7072094808098, 0.06671110988191231
1080.7171375650037, 0.07030584384106142
1090.0374598301712, 0.0733795448021155
1099.349907541211, 0.07593746246782629
1108.6781043605058, 0.07952694672422378
1118.0220502880552, 0.0841479975713082
1127.3581216614773, 0.0882532651230491
1134.4074225163083, 0.09442691555891525
1139.1069564195288, 0.09854268251615939
1143.8064903227494, 0.10265844947340352
1150.8400420693256, 0.10780053331858286
1157.9050920324112, 0.11500575034513583
1164.9228946707326, 0.11911626759962834
1174.2274678276451, 0.12115840196999572
1183.5005427680483, 0.12113740315898935
1192.7421194919418, 0.11905327116660924
1201.9836962158354, 0.11696913917422924
1211.2331474938564, 0.11540079047719276
1218.1643300367764, 0.11383769148290779
1222.7536201822138, 0.1107324923053441
1229.6533045086244, 0.1071062601296855
1231.9164513648334, 0.10349052735953002
1236.5057415102706, 0.10038532818196633
1241.0792825474532, 0.09624856241371593
1243.334554849535, 0.09211704634821705
1252.5367588027916, 0.08745399787912
1266.4621203216511, 0.08845406625329733
1271.0356613588333, 0.08431730048504682
1273.2830591067877, 0.07967000112420453
1277.8566001439704, 0.07553323535595402
1282.4458902894073, 0.07242803617839044
1287.0351804348447, 0.06932283700082675
1293.9191156530007, 0.06466503823448133
1303.1843160392764, 0.06412825612813156
1312.4337673172972, 0.06255990743109496
1321.746215028337, 0.06511782509680575
1331.0980355100141, 0.07025465923923346
1338.0843399318258, 0.07230204331235235
1344.9840242582366, 0.06867581113669374
1354.2492246445122, 0.06813902903034397
1363.475052260151, 0.06502333044727715
1374.9719012861262, 0.058807682389398264
1379.5611914315637, 0.055702483211834686
1386.4530012038467, 0.05156046774083256
1393.3920583008944, 0.050513152041890885
1398.091592204115, 0.054628918999135134
1405.9188990067312, 0.06114467506431298
1402.7753769990807, 0.057713119365692345
1412.0956992642482, 0.06078682032674643
1414.3588461204572, 0.05717108755659106
1421.2742795551226, 0.05457642197161916
1428.166089327406, 0.050434406500617035
1437.3840423889174, 0.04680292462220703
1444.362472256602, 0.04833452539998229
1444.3152249318375, 0.04523982562792184
1451.380274894923, 0.052445042654474916
1460.6690989435808, 0.053455610434155476
1469.965797546366, 0.05498196150917933
1479.2703707032788, 0.0570240958795466
1488.6379402932102, 0.06319249661266124
1486.264549679218, 0.05958726324800889
1494.1023558873371, 0.06679073037364469
1495.5533737278759, 0.06059783102768934
1495.5061264031115, 0.05750313125562889


];

