pd_scan = [562, 0.1339650426754262
574, 0.13638925420852077
586, 0.13755211195624906
598, 0.14095479207685369
610, 0.14599066705667818
622, 0.14625811882605877
634, 0.15553187331541984
646, 0.15585502524915595
658, 0.16028082764293972
670, 0.16443382837565368
682, 0.1630138439704214
694, 0.1685874804297809
706, 0.17055994417320353
718, 0.17467379102030334
730, 0.18143124478521555
742, 0.1818316431514
754, 0.18718675112329608
766, 0.18664228290404994
778, 0.19141618897901314
790, 0.19408845180490575
802, 0.19620913964707665
814, 0.20099685614602958
826, 0.20752238388121702
838, 0.21529299862420315
850, 0.22383521656727412
862, 0.2410393300161786
874, 0.2747999283143867
886, 0.3222379300491871
898, 0.38503501743155866
910, 0.45840790919728613
922, 0.5446086540219544
934, 0.6335899786077601
946, 0.6987691692400202
958, 0.7369179570076694
970, 0.7414596358406811
982, 0.6964979204926862
994, 0.600786304213756
1006, 0.44796221027019123
1018, 0.33388176461383545
1030, 0.25474959041148715
1042, 0.20633294135226254
1054, 0.19209844596407555
1066, 0.19142351353871367

];