%% 10/28 - HORVATH SIDEQUEST
Mg_scan = [0,3.75E-07,323
0.033333333,3.77E-07,323.3333333
0.066933333,3.85E-07,323.6693333
0.100266667,3.75E-07,324.0026667
0.133866667,3.74E-07,324.3386667
0.167983333,3.78E-07,324.6798333
0.201316667,3.76E-07,325.0131667
0.23465,3.65E-07,325.3465
0.2685,3.75E-07,325.685
0.302083333,3.74E-07,326.0208333
0.335416667,3.71E-07,326.3541667
0.36875,3.69E-07,326.6875
0.402616667,3.74E-07,327.0261667
0.43595,3.74E-07,327.3595
0.4698,3.72E-07,327.698
0.5034,3.68E-07,328.034
0.53725,3.71E-07,328.3725
0.570583333,3.75E-07,328.7058333
0.604166667,3.77E-07,329.0416667
0.637766667,3.83E-07,329.3776667
0.671366667,3.82E-07,329.7136667
0.70495,3.83E-07,330.0495
0.738816667,3.78E-07,330.3881667
0.7724,3.76E-07,330.724
0.806,3.76E-07,331.06
0.839333333,3.73E-07,331.3933333
0.872916667,3.71E-07,331.7291667
0.906516667,3.77E-07,332.0651667
0.940366667,3.71E-07,332.4036667
0.9737,3.80E-07,332.737
1.0073,3.81E-07,333.073
1.040633333,3.73E-07,333.4063333
1.074233333,3.77E-07,333.7423333
1.107816667,3.80E-07,334.0781667
1.1409,3.71E-07,334.409
1.17475,3.71E-07,334.7475
1.2086,3.74E-07,335.086
1.24245,3.74E-07,335.4245
1.276316667,3.65E-07,335.7631667
1.3099,3.64E-07,336.099
1.34375,3.79E-07,336.4375
1.37735,3.65E-07,336.7735
1.410166667,3.68E-07,337.1016667
1.444016667,3.81E-07,337.4401667
1.477083333,3.80E-07,337.7708333
1.510416667,3.76E-07,338.1041667
1.544016667,3.76E-07,338.4401667
1.577616667,3.75E-07,338.7761667
1.6112,3.81E-07,339.112
1.644533333,3.69E-07,339.4453333
1.678133333,3.74E-07,339.7813333
1.711466667,3.70E-07,340.1146667
1.745316667,3.84E-07,340.4531667
1.7784,3.71E-07,340.784
1.811733333,3.75E-07,341.1173333
1.845583333,3.80E-07,341.4558333
1.878916667,3.73E-07,341.7891667
1.912766667,3.75E-07,342.1276667
1.946366667,3.77E-07,342.4636667
1.97995,3.70E-07,342.7995
2.013283333,3.71E-07,343.1328333
2.046883333,3.71E-07,343.4688333
2.080483333,3.71E-07,343.8048333
2.114066667,3.80E-07,344.1406667
2.1474,3.64E-07,344.474
2.181,3.64E-07,344.81
2.214583333,3.57E-07,345.1458333
2.248183333,3.75E-07,345.4818333
2.281516667,3.71E-07,345.8151667
2.315366667,3.74E-07,346.1536667
2.3487,3.79E-07,346.487
2.382033333,3.67E-07,346.8203333
2.415633333,3.64E-07,347.1563333
2.449233333,3.77E-07,347.4923333
2.482566667,3.75E-07,347.8256667
2.51615,3.67E-07,348.1615
2.549483333,3.74E-07,348.4948333
2.583083333,3.69E-07,348.8308333
2.616933333,3.73E-07,349.1693333
2.650533333,3.71E-07,349.5053333
2.683866667,3.75E-07,349.8386667
2.71745,3.66E-07,350.1745
2.75105,3.74E-07,350.5105
2.7849,3.73E-07,350.849
2.818233333,3.68E-07,351.1823333
2.851833333,3.72E-07,351.5183333
2.885416667,3.80E-07,351.8541667
2.91875,3.79E-07,352.1875
2.952866667,3.57E-07,352.5286667
2.9862,3.72E-07,352.862
3.0198,3.74E-07,353.198
3.0534,3.76E-07,353.534
3.086733333,3.69E-07,353.8673333
3.120316667,3.71E-07,354.2031667
3.153916667,3.75E-07,354.5391667
3.186983333,3.78E-07,354.8698333
3.220316667,3.70E-07,355.2031667
3.25365,3.73E-07,355.5365
3.286983333,3.75E-07,355.8698333
3.320316667,3.71E-07,356.2031667
3.35365,3.67E-07,356.5365
3.38725,3.76E-07,356.8725
3.4211,3.69E-07,357.211
3.45495,3.73E-07,357.5495
3.48855,3.74E-07,357.8855
3.52215,3.73E-07,358.2215
3.555483333,3.68E-07,358.5548333
3.589333333,3.75E-07,358.8933333
3.623183333,3.75E-07,359.2318333
3.656783333,3.68E-07,359.5678333
3.690116667,3.76E-07,359.9011667
3.724233333,3.78E-07,360.2423333
3.757566667,3.83E-07,360.5756667
3.79115,3.74E-07,360.9115
3.82475,3.78E-07,361.2475
3.858083333,3.65E-07,361.5808333
3.891666667,3.74E-07,361.9166667
3.925,3.72E-07,362.25
3.9586,3.75E-07,362.586
3.9922,3.69E-07,362.922
4.025533333,3.77E-07,363.2553333
4.059383333,3.78E-07,363.5938333
4.092716667,3.78E-07,363.9271667
4.126566667,3.75E-07,364.2656667
4.160166667,3.76E-07,364.6016667
4.194016667,3.74E-07,364.9401667
4.22735,3.68E-07,365.2735
4.260416667,3.80E-07,365.6041667
4.294016667,3.83E-07,365.9401667
4.327616667,3.70E-07,366.2761667
4.36095,3.80E-07,366.6095
4.3948,3.79E-07,366.948
4.427866667,3.74E-07,367.2786667
4.461466667,3.67E-07,367.6146667
4.495066667,3.70E-07,367.9506667
4.52865,3.78E-07,368.2865
4.56225,3.69E-07,368.6225
4.595583333,3.78E-07,368.9558333
4.629166667,3.80E-07,369.2916667
4.662766667,3.72E-07,369.6276667
4.696616667,3.76E-07,369.9661667
4.730216667,3.81E-07,370.3021667
4.763283333,3.80E-07,370.6328333
4.796883333,3.66E-07,370.9688333
4.830216667,3.70E-07,371.3021667
4.86355,3.75E-07,371.6355
4.8974,3.75E-07,371.974
4.930733333,3.74E-07,372.3073333
4.964583333,3.80E-07,372.6458333
4.997916667,3.69E-07,372.9791667
5.031783333,3.75E-07,373.3178333
5.06485,3.77E-07,373.6485
5.0987,3.74E-07,373.987
5.132033333,3.82E-07,374.3203333
5.165633333,3.69E-07,374.6563333
5.198966667,3.68E-07,374.9896667
5.232566667,3.83E-07,375.3256667
5.265633333,3.68E-07,375.6563333
5.299483333,3.76E-07,375.9948333
5.332566667,3.81E-07,376.3256667
5.36615,3.76E-07,376.6615
5.39975,3.70E-07,376.9975
5.433333333,3.75E-07,377.3333333
5.466666667,3.75E-07,377.6666667
5.5,3.78E-07,378
5.533333333,3.71E-07,378.3333333
5.566933333,3.68E-07,378.6693333
5.600266667,3.77E-07,379.0026667
5.633866667,3.82E-07,379.3386667
5.66745,3.64E-07,379.6745
5.700783333,3.74E-07,380.0078333
5.734383333,3.76E-07,380.3438333
5.767716667,3.78E-07,380.6771667
5.801566667,3.77E-07,381.0156667
5.835166667,3.70E-07,381.3516667
5.8685,3.65E-07,381.685
5.90235,3.65E-07,382.0235
5.93595,3.71E-07,382.3595
5.969283333,3.76E-07,382.6928333
6.002866667,3.70E-07,383.0286667
6.036466667,3.76E-07,383.3646667
6.070066667,3.71E-07,383.7006667
6.10365,3.72E-07,384.0365
6.1375,3.72E-07,384.375
6.170833333,3.75E-07,384.7083333
6.204433333,3.62E-07,385.0443333
6.237766667,3.67E-07,385.3776667
6.271366667,3.76E-07,385.7136667
6.30495,3.74E-07,386.0495
6.338283333,3.64E-07,386.3828333
6.37215,3.76E-07,386.7215
6.405733333,3.77E-07,387.0573333
6.438816667,3.80E-07,387.3881667
6.473183333,3.78E-07,387.7318333
6.506516667,3.75E-07,388.0651667
6.540116667,3.74E-07,388.4011667
6.5737,3.82E-07,388.737
6.607033333,3.65E-07,389.0703333
6.640633333,3.80E-07,389.4063333
6.673966667,3.68E-07,389.7396667
6.707566667,3.69E-07,390.0756667
6.741416667,3.80E-07,390.4141667
6.775,3.82E-07,390.75
6.808866667,3.79E-07,391.0886667
6.84245,3.73E-07,391.4245
6.875783333,3.71E-07,391.7578333
6.909383333,3.77E-07,392.0938333
6.942716667,3.64E-07,392.4271667
6.976316667,3.78E-07,392.7631667
7.0099,3.77E-07,393.099
7.0435,3.81E-07,393.435
7.076833333,3.76E-07,393.7683333
7.110683333,3.63E-07,394.1068333
7.144016667,3.72E-07,394.4401667
7.17735,3.80E-07,394.7735
7.2112,3.61E-07,395.112
7.2448,3.80E-07,395.448
7.27865,3.81E-07,395.7865
7.311983333,3.78E-07,396.1198333
7.345583333,3.77E-07,396.4558333
7.37865,3.73E-07,396.7865
7.41225,3.81E-07,397.1225
7.445833333,3.70E-07,397.4583333
7.479433333,3.77E-07,397.7943333
7.513283333,3.75E-07,398.1328333
7.546883333,3.76E-07,398.4688333
7.57995,3.76E-07,398.7995
7.61355,3.72E-07,399.1355
7.6474,3.77E-07,399.474
7.680733333,3.74E-07,399.8073333
7.714333333,3.79E-07,400.1433333
7.748183333,3.73E-07,400.4818333
7.78125,3.74E-07,400.8125
7.81485,3.73E-07,401.1485
7.8487,3.73E-07,401.487
7.882033333,3.71E-07,401.8203333
7.915366667,3.73E-07,402.1536667
7.9487,3.77E-07,402.487
7.982033333,3.79E-07,402.8203333
8.015366667,3.73E-07,403.1536667
8.049233333,3.70E-07,403.4923333
8.082566667,3.77E-07,403.8256667
8.1159,3.77E-07,404.159
8.149483333,3.87E-07,404.4948333
8.183083333,3.77E-07,404.8308333
8.21615,3.82E-07,405.1615
8.249483333,3.69E-07,405.4948333
8.282816667,3.80E-07,405.8281667
8.316666667,3.81E-07,406.1666667
8.350266667,3.84E-07,406.5026667
8.383866667,3.80E-07,406.8386667
8.4172,3.74E-07,407.172
8.450783333,3.75E-07,407.5078333
8.484116667,3.88E-07,407.8411667
8.51745,3.69E-07,408.1745
8.550783333,3.76E-07,408.5078333
8.58465,3.78E-07,408.8465
8.617983333,3.72E-07,409.1798333
8.651316667,3.75E-07,409.5131667
8.6849,3.74E-07,409.849
8.718233333,3.77E-07,410.1823333
8.751833333,3.85E-07,410.5183333
8.785166667,3.74E-07,410.8516667
